square matrix(any separators) with distances should be placed from second line, all the other text is irrelevant
[0, 5, 7, 4, 8, 7, 4, 7, 6, 1, 7, 7]
[6, 0, 1, 3, 2, 5, 7, 10, 2, 8, 5, 4]
[6, 10, 0, 8, 9, 10, 1, 5, 3, 6, 10, 4]
[7, 7, 9, 0, 7, 6, 2, 1, 6, 8, 3, 8]
[9, 4, 6, 9, 0, 7, 3, 9, 8, 6, 3, 9]
[10, 10, 6, 2, 8, 0, 3, 1, 8, 8, 4, 5]
[8, 5, 10, 4, 3, 9, 0, 10, 4, 10, 3, 4]
[2, 3, 5, 4, 7, 6, 3, 0, 8, 5, 8, 1]
[5, 2, 3, 8, 6, 6, 1, 8, 0, 7, 5, 5]
[10, 9, 4, 10, 9, 4, 4, 1, 10, 0, 10, 2]
[9, 2, 10, 3, 8, 3, 8, 5, 10, 8, 0, 9]
[8, 3, 1, 1, 9, 7, 3, 5, 4, 7, 7, 0]

route: [0, 9, 5, 3, 7, 11, 2, 6, 4, 10, 1, 8, 0]
distance: 26
execution time: +61.580865 seconds

A 0 12 29 22 13 24
B 12 0 19 3 25 6
C 29 19 0 21 23 28
D 22 3 21 0 4 5
E 13 25 23 4 0 16
F 24 6 28 5 16 0

FBCAEDF weight 76
0 4 3 5 1 2 0 - reverse

0 10 3 6 9
5 0 5 4 2
4 9 0 7 8
7 1 3 0 4
3 2 6 5 0

0 2 3 1 4 0 - correct route
16 - correct distance


{ 0, 10,  8,   9,   7 },
{ 10,  0, 10,  5,   6 },
{ 8,   10,  0, 8,   9 },
{ 9,   5,   8,   0, 6 },
{ 7,   6,   9,   6,   0 }

0 2 3 1 4 0 - reverse
34

{0, 5,   4,   3},
        {3,   0, 8,   2},
        {5,   3,   0, 9},
        {6,   4,   3,   0}
cost 12

{0, 2,   1,   0},
        {2,   0, 4,   3},
        {1,   4,   0, 2},
        {0, 3,   2,   0}
cost 8

{0, 3,   1,   5,   8},
        {3,   0, 6,   7,   9},
        {1,   6,   0, 4,   2},
        {5,   7,   4,   0, 3},
        {8,   9,   2,   3,   0}
cost 16

[9, 5, 0, 6, 7, 5, 4, 7, 3, 3, 9, 8, 8]
[1, 5, 8, 0, 8, 3, 9, 7, 1, 1, 7, 10, 3]
[6, 7, 3, 6, 0, 7, 9, 10, 10, 5, 5, 3, 4]
[10, 5, 5, 3, 8, 0, 5, 1, 9, 7, 4, 4, 4]
[8, 6, 5, 2, 8, 3, 0, 4, 2, 8, 10, 6, 8]
[5, 6, 3, 7, 8, 1, 4, 0, 5, 10, 8, 6, 6]
[1, 5, 6, 7, 8, 3, 2, 5, 0, 9, 1, 7, 2]
[8, 9, 8, 7, 1, 4, 8, 3, 3, 0, 1, 4, 9]
[5, 2, 3, 10, 1, 5, 3, 5, 9, 3, 0, 3, 3]
[7, 1, 9, 10, 8, 4, 4, 8, 8, 9, 8, 0, 3]
[2, 6, 3, 4, 4, 4, 2, 9, 5, 6, 4, 9, 0]
BRUTE FORCE
route: [0, 3, 8, 12, 6, 5, 7, 2, 9, 10, 4, 11, 1, 0]
distance: 32
execution time: 606.213356 seconds